DFHDR ;20120828;0911;PANEUR;PAN-EUROPE EPA FILE ;                                                                                                                                                                                                                                                                                                                                                                                                      ;
9560000003;002;20110920;0;0000000000;1;00;00000; 000000000068750;1              ;7118222GFR          ; 000000000100000; 000000000000000;0000000;-000000000003250; 000000000000000;0000000; 000000000000000; 00000; 000000000000000; 00000; 000000000000000;-000000000028000;                              ;WVGKADWK ZISYDCX                      ;PRIMARY             ;USD; 000000000000000;                                                           ;
9560000003;002;20110920;0;9560000003;2;10;00000;20110915; 000000000050000; 000000000050000;-000000000001625; 000000000000000; 000000000048375;0003250; 000000000000000; 00000; 000000000000000; 00000; 000000000050000; 00002; 000000000000000;          ; 000000000000000;0000000;USD;000009220000017;          ;P ;                         ; 0000000001.00000;000000;                                                                               ;
9560000003;002;00000000;0;9560000003;2;60;00000; 00000025000;20110807;000000000801;000000000001439;453;374940000001438;              ;      ;                                                                                                                                                                                                                                                                                                          ;
9560000003;002;00000000;0;9560000003;2;60;00000; 00000025000;20110807;000000000801;000000000001440;DEF;374940000001439;              ;      ;                                                                                                                                                                                                                                                                                                          ;
9560000003;002;20110920;0;9560000003;2;10;00000;20110915; 000000000050000; 000000000050000;-000000000001625; 000000000000000; 000000000048375;0003250; 000000000000000; 00000; 000000000000000; 00000; 000000000050000; 00002; 000000000000000;          ; 000000000000000;0000000;USD;000009210000017;          ;P ;                         ; 0000000001.00000;000000;                                                                               ;
9560000003;002;00000000;0;9560000003;2;60;00000; 00000025000;20110716;000000000801;000000000001441;853;374940000001440;              ;8535  ;                                                                                                                                                                                                                                                                                                          ;
9560000003;002;00000000;0;9560000003;2;60;00000; 00000025000;20110716;000000000801;000000000001442;250;374940000001441;              ;      ;                                                                                                                                                                                                                                                                                                          ;
9560000003;002;20110920;0;9560000003;2;30;00000; 00000070313;-000000000028000; 000000000000000; 000000000000000;-000000000028000;0000000; 000000000000000; 00000; 000000000000000; 000000000000000;0000000; 000000000000000;000000000000000;ADJ0000014;UM DEDERAL INCOME TAX                                           ;112;          ;-000000000028000;USD;               ;                                                                           ;
DFTLR ;20120828;0911;PANEUR;PAN-EUROPE EPA FILE ;9560000003                              ;0000008;                                                                                                                                                                                                                                                                                                                                                     ;
DFHDR ;20120828;0911;PANEUR;PAN-EUROPE EPA FILE ;                                                                                                                                                                                                                                                                                                                                                                                                      ;
9560000010;002;20110920;0;0000000000;1;00;00000; 000000000034575;1              ;0252984955          ; 000000000050000; 000000000000000;0000000;-000000000001425; 000000000000000;0000000; 000000000000000; 00000; 000000000000000; 00000; 000000000000000;-000000000014000;                              ;XDHVVH ANLMGFX HC                     ;PRIMARY             ;USD; 000000000000000;                                                           ;
9560000010;002;20110920;0;9560000010;2;10;00000;20110915; 000000000050000; 000000000050000;-000000000001425; 000000000000000; 000000000048575;0002850; 000000000000000; 00000; 000000000000000; 00000; 000000000050000; 00002; 000000000000000;          ; 000000000000000;0000000;USD;000009210000008;          ;P ;                         ; 0000000001.00000;000000;                                                                               ;
9560000010;002;00000000;0;9560000010;2;60;00000; 00000025000;20110716;000000000801;000000000001456;KYT;374940000001455;              ;KYTFJ ;                                                                                                                                                                                                                                                                                                          ;
9560000010;002;00000000;0;9560000010;2;60;00000; 00000025000;20110716;000000000801;000000000001457;135;374940000001456;              ;13567 ;                                                                                                                                                                                                                                                                                                          ;
9560000010;002;20110920;0;9560000010;2;30;00000; 00000070315;-000000000014000; 000000000000000; 000000000000000;-000000000014000;0000000; 000000000000000; 00000; 000000000000000; 000000000000000;0000000; 000000000000000;000000000000000;ADJ0000014;UM DEDERAL INCOME TAX                                           ;112;          ;-000000000014000;USD;               ;                                                                           ;
DFTLR ;20120828;0911;PANEUR;PAN-EUROPE EPA FILE ;9560000010                              ;0000005;                                                                                                                                                                                                                                                                                                                                                     ;
DFHDR ;20120828;0911;PANEUR;PAN-EUROPE EPA FILE ;                                                                                                                                                                                                                                                                                                                                                                                                      ;
9560000014;002;20110920;0;0000000000;1;00;00000; 000000000048500;976414         ;90234125            ; 000000000100000; 000000000000000;0000000;-000000000003500; 000000000000000;0000000; 000000000000000; 00000; 000000000000000; 00000; 000000000000000;-000000000048000;                              ;KQXJXUMC SAGSA DSKEZPFLF MVG          ;PRIMARY             ;USD; 000000000000000;                                                           ;
9560000014;002;20110920;0;9560000014;2;10;00000;20110915; 000000000050000; 000000000050000;-000000000001750; 000000000000000; 000000000048250;0003500; 000000000000000; 00000; 000000000000000; 00000; 000000000050000; 00002; 000000000000000;          ; 000000000000000;0000000;USD;000009220000010;USD       ;P ;                         ; 0000000001.00000;000000;                                                                               ;
9560000014;002;00000000;0;9560000014;2;60;00000; 00000025000;20110807;000000000801;000000000001452;999;374940000001451;              ;9999  ;                                                                                                                                                                                                                                                                                                          ;
9560000014;002;00000000;0;9560000014;2;60;00000; 00000025000;20110807;000000000801;000000000001453;XXX;374940000001452;              ;XXXX  ;                                                                                                                                                                                                                                                                                                          ;
9560000014;002;20110920;0;9560000014;2;10;00000;20110915; 000000000050000; 000000000050000;-000000000001750; 000000000000000; 000000000048250;0003500; 000000000000000; 00000; 000000000000000; 00000; 000000000050000; 00002; 000000000000000;          ; 000000000000000;0000000;USD;000009210000010;USD       ;P ;                         ; 0000000001.00000;000000;                                                                               ;
9560000014;002;00000000;0;9560000014;2;60;00000; 00000025000;20110716;000000000801;000000000001454;80 ;374940000001453;              ;      ;                                                                                                                                                                                                                                                                                                          ;
9560000014;002;00000000;0;9560000014;2;60;00000; 00000025000;20110716;000000000801;000000000001455;666;374940000001454;              ;666666;                                                                                                                                                                                                                                                                                                          ;
9560000014;002;20110920;0;9560000014;2;30;00000; 00000280136;-000000000020000;-000000000020000; 000000000000000;-000000000020000;0000000; 000000000000000; 00000; 000000000000000; 000000000000000;0000000; 000000000000000;000000000000000;ADJ0800646;ANNUAL FEE FOR MULTI CURRENCY PROCESSING                        ;112;USD       ;-000000000020000;USD;               ;                                                                           ;
9560000014;002;20110920;0;9560000014;2;30;00000; 00000070311;-000000000028000; 000000000000000; 000000000000000;-000000000028000;0000000; 000000000000000; 00000; 000000000000000; 000000000000000;0000000; 000000000000000;000000000000000;ADJ0000014;UM DEDERAL INCOME TAX                                           ;112;USD       ;-000000000028000;USD;               ;                                                                           ;
DFTLR ;20120828;0911;PANEUR;PAN-EUROPE EPA FILE ;9560000014                              ;0000009;                                                                                                                                                                                                                                                                                                                                                     ;
DFHDR ;20120828;0911;PANEUR;PAN-EUROPE EPA FILE ;                                                                                                                                                                                                                                                                                                                                                                                                      ;
9560000056;002;20110920;0;0000000000;1;00;00000; 000000000034375;1              ;0150671369          ; 000000000050000; 000000000000000;0000000;-000000000001625; 000000000000000;0000000; 000000000000000; 00000; 000000000000000; 00000; 000000000000000;-000000000014000;                              ;SQRDEI WFPKIOGV                       ;PRIMARY             ;USD; 000000000000000;                                                           ;
9560000056;002;20110920;0;9560000056;2;10;00000;20110915; 000000000050000; 000000000050000;-000000000001625; 000000000000000; 000000000048375;0003250; 000000000000000; 00000; 000000000000000; 00000; 000000000050000; 00002; 000000000000000;          ; 000000000000000;0000000;USD;000009210000019;          ;P ;                         ; 0000000001.00000;000000;                                                                               ;
9560000056;002;00000000;0;9560000056;2;60;00000; 00000025000;20110716;000000000801;000000000001437;AC ;374940000001436;              ;      ;                                                                                                                                                                                                                                                                                                          ;
9560000056;002;00000000;0;9560000056;2;60;00000; 00000025000;20110716;000000000801;000000000001438;12 ;374940000001437;              ;      ;                                                                                                                                                                                                                                                                                                          ;
9560000056;002;20110920;0;9560000056;2;30;00000; 00000070314;-000000000014000; 000000000000000; 000000000000000;-000000000014000;0000000; 000000000000000; 00000; 000000000000000; 000000000000000;0000000; 000000000000000;000000000000000;ADJ0000014;UM DEDERAL INCOME TAX                                           ;112;          ;-000000000014000;USD;               ;                                                                           ;
DFTLR ;20120828;0911;PANEUR;PAN-EUROPE EPA FILE ;9560000056                              ;0000005;                                                                                                                                                                                                                                                                                                                                                     ;
DFHDR ;20120828;0911;PANEUR;PAN-EUROPE EPA FILE ;                                                                                                                                                                                                                                                                                                                                                                                                      ;
9563000063;002;20110920;0;0000000000;1;00;00000; 000000000034125;911111191      ;9090031914          ; 000000000050000; 000000000000000;0000000;-000000000001875; 000000000000000;0000000; 000000000000000; 00000; 000000000000000; 00000; 000000000000000;-000000000014000;                              ;OEFZLTFDOJ HND                        ;PRIMARY             ;USD; 000000000000000;                                                           ;
9563000063;002;20110920;0;9563000063;2;10;00000;20110915; 000000000050000; 000000000050000;-000000000001875; 000000000000000; 000000000048125;0003750; 000000000000000; 00000; 000000000000000; 00000; 000000000050000; 00002; 000000000000000;          ; 000000000000000;0000000;GBP;000009210000018;          ;P ;                         ; 0000000001.00000;000000;                                                                               ;
9563000063;002;00000000;0;9563000063;2;60;00000; 00000025000;20110716;000000000801;000000000001435;A  ;374940000001434;              ;      ;                                                                                                                                                                                                                                                                                                          ;
9563000063;002;00000000;0;9563000063;2;60;00000; 00000025000;20110716;000000000801;000000000001436;200;374940000001435;              ;20001 ;                                                                                                                                                                                                                                                                                                          ;
9563000063;002;20110920;0;9563000063;2;30;00000; 00000070314;-000000000014000; 000000000000000; 000000000000000;-000000000014000;0000000; 000000000000000; 00000; 000000000000000; 000000000000000;0000000; 000000000000000;000000000000000;ADJ0000014;UM DEDERAL INCOME TAX                                           ;112;          ;-000000000008993;GBP;               ;                                                                           ;
DFTLR ;20120828;0911;PANEUR;PAN-EUROPE EPA FILE ;9563000063                              ;0000005;                                                                                                                                                                                                                                                                                                                                                     ;
